Wave
#1
10; 1; 1 5

Wave
#2
1; 1; 1 2; 0 2; 1 2

Wave
#3
1; 1; 3
5; 1.5; 5 5

Wave
#4
1; 1; 1 8; 0; 3

Wave
#5
1; 0.5; 5 10
1; 1; 2; 4

Wave
#6
1; 1; 2; 1 9; 2 2; 3 3

Wave
#7
1; 0.5; 5 18

Wave
#8
1; 1.5; 1 13
1; 0.5; 5 3
1; 1; 3 2; 0 2; 3 2

Wave
#9
1; 1; 1 12
1; 3; 3 15

Wave
#10
1; 1; 0 2; 2; 0 2; 2; 0 2; 2; 0 2; 2; 0 2; 2; 0 2; 2; 0 2; 2; 0 2; 2; 0 2; 2; 0 2; 2; 0 2; 2

Wave
#11
1; 0.6; 1 24
1; 2; 4 7; 2 9

Wave
#12
1; 0.5; 5 5
1; 0.8; 3 9
2; 1.5; 5 15; 2; 5 15; 4; 2 2

Wave
#13
1; 1; 1 9
1; 0.5; 5 5
1; 0.8; 3 9
2; 1.5; 4 3; 2
1; 1; 1 9; 0 10; 2 2; 0 10

Wave
#14
1; 0.5; 5 5; 2; 5 5; 2
1; 1.5; 4 3; 2; 5 15
1.5; 0.5; 5 5; 2
1; 1.5; 4 3
1.5; 0.8; 3 9; 1 9; 2; 3 9; 0 12


Wave
#15
1; 1; 0 10
1; 1.5; 5 15
1; 1; 0 10; 2
1; 0.6; 1 8; 4; 2; 1 8; 5 10
2; 1.5; 5 15
1; 1; 3 5

Wave
#16
1; 0.5; 2; 5 9; 2; 5 9; 2; 5 9; 2; 5 9; 2; 5 9; 2; 5 9; 2; 5 9; 2; 5 9; 2; 5 9; 2; 5 10

Wave
#17
1; 1; 3 4; 2 1; 3 4; 2 1; 3 4; 2 1; 3 4; 2 1; 3 4; 2 1; 3 4; 2 1; 3 4; 2 1; 3 4; 2 1; 3 4; 2 1; 3 4; 2 1; 3 4; 2 1; 3 4; 2 1; 3 4; 2 1; 3 4; 2 1; 3 4; 2 1; 3 4; 2 1; 3 4; 2 1; 3 4; 2 1; 3 4; 2 1; 3 4; 2 1; 3 4; 2 1; 3 4; 2 1; 3 4; 2 1; 3 4; 2 1; 3 2

Wave
#18
1; 1; 0 10; 2
3; 1.5; 5 15
1; 1; 3 4
2; 1.5; 4 3
4; 0.5; 5 5; 1 8
1.5; 1.5; 5 15
1.5; 0.6; 1 8; 2
1; 1; 3 4; 2; 3 4
3; 0.5; 5 5; 2
2; 1; 4; 2
3; 0.5; 5 5; 2
1; 1; 3 4
2; 1.5; 4 3; 2
4; 0.5; 5 5; 2; 5 5
1.5; 1.5; 5 15; 4 3; 2 2
1.5; 1; 0 10
3; 0.5; 5 5

Wave
#19
1; 1.5; 4 7; 2; 4 3; 0 10; 4 2; 0 10
2; 1; 1 6
2; 1.5; 5 15
1; 1; 0 10
2; 0.5; 5 5; 4; 5 5; 4
2; 1; 3 17; 2
2; 0.5; 5 5; 2; 5 5; 2
1; 1; 1 6; 0 10; 2; 4; 2; 1 6
2; 1.5; 5 15; 4 3; 2; 5 15; 1 12

Wave
#20
1; 0.5; 5 5
1; 1.5; 5 15; 2; 5 15
2; 1; 3 4; 1 6; 4; 2; 1 6; 2; 4; 2
2; 0.8; 3 13; 2
1; 0.6; 1 8; 2; 4
2; 1; 3 4; 0 10
1; 0.5; 5 5
1; 1.5; 5 30
1; 0.5; 5 5; 2
1; 1.5; 5 30; 2
1; 0.5; 5 5; 2; 5 5
1; 1; 1 6; 2
1; 0.8; 3 9; 2; 3 9; 2
1.5; 0.5; 5 8