# Prefabs
# 0 Braun, 1 Lila, 2 Rot, 3 Grün, 4 Blau, 5 Orange, 6 Klein-Grün
# Pro Wave kann man beliebig viele Bunches definieren. Ein Bunch ist eine Zeile.
# Syntax: <delay_before>; <delay_between>; {<enemy_prefab_index> [<count>]; } <enemy_prefab_index> [<count>]

Wave
#1
1; 0.5; 5 5
1; 1.5; 5 25
3; 0.8; 3 7; 4 2
1; 0.5; 1 10
10; 2.5; 1 20

Wave
#2
1; 1.5; 5 45
1.5; 0.5; 5 5
1; 1.5; 4 2
1; 2.5; 3 4; 2 1; 5 5
3; 1.5; 3 9

Wave
#3
1; 0.8; 3 9; 1 6
3; 0.6; 4 3; 1 32
1; 0.8; 3 9; 1 6
3; 1; 4 1;
10; 0.8; 3 15

Wave
#4
1; 0.5; 0 10; 1 20
5; 1.5; 2 3; 0 5
2; 0.6; 1 25; 3 10; 4 2; 5 5
5; 0.8; 1 20; 2 2; 0 10; 1 20

Wave
#5
1; 0.5; 0 5; 1 40; 2 2
5; 1.5; 3 5; 1 10; 5 5
5; 0.5; 5 10; 0 5
2; 1.5; 1 20; 0 5; 1 10; 3 5
2; 2.5; 3 10; 5 10; 3 5; 2 2
5; 1.2; 3 20; 1 10; 0 5; 2 2; 1 5; 2 2

Wave
#6
1; 0.5; 2 2; 1 10; 2 2; 0 5; 2 3; 5 10
2; 1.5; 3 5; 4 1; 2 2; 4 2; 3 10
5; 2.5; 5 10; 1 20
5; 0.5; 2 2; 1 10; 2 5; 0 5

Wave
#7
1; 0.5; 1 10; 0 10; 1 10; 2 5; 3 10; 5 10
5; 1.5; 1 20; 2 2; 3 10; 4 2; 5 5
5; 0.4; 0 4; 1 6; 2 2; 5 10
5; 1.2; 5 30
5; 1.5; 3 10; 2 2; 3 5

Wave
#8
1; 1; 5 20; 3 10; 1 20
1; 0.2; 2 2; 3 4; 1 5; 0 10
5; 1.5; 4 3
5; 2.5; 2 3; 1 20; 3 5; 5 10

Wave
#9
1; 1; 0 20; 1 10
2; 1.5; 4 1; 5 10; 3 10; 4 1
5; 2.5; 3 5; 2 5
2; 0.6; 1 20; 0 5
5; 1.2; 0 20
5; 0.5; 5 30

Wave
#10
1; 1.5; 4 5
5; 2.5; 1 10
5; 1.8; 2 3; 4 5; 1 20; 5 10
5; 0.8; 1 20; 2 3; 1 30; 0 10; 3 5; 1 20; 3 20
5; 2.5; 3 30; 1 5
5; 0.6; 3 40; 2 2; 3 10; 2 2; 3 20
5; 1.5; 5 20