Wave
#1
10; 1; 1 5

Wave
#2
1; 1; 1 2; 0 2; 1 2

Wave
#3
1; 1; 3
5; 1.5; 5 5

Wave
#4
1; 1; 1 8; 0; 3

Wave
#5
1; 0.8; 5 7
1; 1; 4; 2 2; 0 2

Wave
#6
1; 1; 3; 1 7; 2 3
1; 1.5; 5 4

Wave
#7
1; 0.5; 5 18

Wave
#8
1; 1.5; 1 13
1; 0.5; 5 3
1; 1; 3 2; 0 2; 3 2

Wave
#9
1; 1; 1 12
1; 3; 3 15

Wave
#10
1; 1; 0 2; 2; 0 2; 2; 0 2; 2; 0 2; 2; 0 2; 2; 0 2; 2; 0 2; 2; 0 2; 2; 0 2; 2; 0 2; 2; 0 2; 2

Wave
#11
1; 1.5; 5 30
1; 1; 1 5; 0 5

Wave
#12
1; 0.6; 1 12
1; 1; 1 9; 4; 2
2; 1.5; 4 3
2; 1; 1 9
2; 1.5; 4 3
1; 1; 0 10


Wave
#13
1; 1; 2; 3 4; 2
1; 0.5; 5 5; 2 2
1; 1; 3 8; 2; 3 9; 4; 2; 0 10
2; 1.5; 4 3
1; 0.8; 3 12

Wave
#14
1; 0.5; 5 5; 2
1; 1; 0 10; 2; 3 4; 2
1; 0.5; 5 5; 1 12
1; 1; 0 10; 2; 4; 0 10; 1 9

Wave
#15
1; 0.5; 5 5; 2
1; 1.5; 4 3; 2 2; 5 15; 4; 5 15; 2 4; 0 10
6; 0.5; 5 5
2; 1.5; 5 15
1; 1; 2; 1 7

Wave
#16
1; 0.5; 2; 5 9; 2; 5 9; 2; 5 9; 2; 5 9; 2; 5 9; 2; 5 9; 2; 5 9; 2; 5 9; 2; 5 9; 2; 5 10

Wave
#17
1; 1; 3 4; 2 1; 3 4; 2 1; 3 4; 2 1; 3 4; 2 1; 3 4; 2 1; 3 4; 2 1; 3 4; 2 1; 3 4; 2 1; 3 4; 2 1; 3 4; 2 1; 3 4; 2 1; 3 4; 2 1; 3 4; 2 1; 3 4; 2 1; 3 4; 2 1; 3 4; 2 1; 3 4; 2 1; 3 4; 2 1; 3 4; 2 1; 3 4; 2 1; 3 4; 2 1; 3 4; 2 1; 3 4; 2 1; 3 4; 2 1; 3 2

Wave
#18
1; 1.5; 4 3; 2
1.5; 0.8; 3 14; 1 12
2; 1.5; 4 6; 2
2; 1; 3 8; 0 10; 3 9; 2; 0 10; 2
5; 1.5; 5 30; 4 3; 5 10; 4 3; 2
3; 1; 0 10; 4; 2; 3 9; 0 7

Wave
#19
1; 1; 0 10; 1 6; 2; 4 2; 2
2; 0.8; 3 9; 2
2; 0.5; 5 5
1; 1; 1; 2; 1; 2; 1; 2; 1; 2; 1; 2; 1; 2
2; 0.5; 5 5; 2; 5 10
2; 1; 4; 3 6; 1 6; 2; 1 8; 2; 1 8; 2
2; 1.5; 5 7; 4 3; 2
2; 0.6; 1 8; 2
2; 2; 4 3; 2
5; 1.5; 5 30; 4 3; 2
1; 0.8; 3 9; 2
2; 0.5; 5 5
1; 1; 1 6
2; 1.5; 5 15
1; 0.4; 1 4

Wave
#20
1; 1.5; 4 3
2; 1; 3 4; 0 10; 2; 3 4; 1 6; 2 2; 1 6; 0 10
2; 0.8; 3 9
1; 1.5; 5 15; 4; 2
1; 0.6; 1 8; 2
1; 0.5; 5 5; 2
1; 1; 3 4; 1 6; 4; 3 9; 2; 1 14
2; 1.5; 4 3
2; 1; 1 6; 4; 2; 4 2
2; 0.5; 5 5
1; 1.5; 4 3; 2 2; 4 3
2; 0.6; 1 8; 2
1; 1.5; 4 6; 2
3; 1; 0 30
2; 1.5; 4 3
3; 1; 1 6; 0 10