# Prefabs
# 0 Braun, 1 Lila, 2 Rot, 3 Grün, 4 Blau, 5 Orange, 6 Klein-Grün
# Pro Wave kann man beliebig viele Bunches definieren. Ein Bunch ist eine Zeile.
# Syntax: <delay_before>; <delay_between>; {<enemy_prefab_index> [<count>]; } <enemy_prefab_index> [<count>]

Wave
#1
1; 0.5; 5 4
5; 1.5; 1 10

Wave
#2
1; 0.6; 1 5; 0 2; 2 2
3; 1.5; 3 3

Wave
#3
1; 1.2; 2 2; 1 5; 0 3
3; 0.6; 5 5

Wave
#4
1; 1.8; 3 2; 2 1; 1 5; 5 2; 3 2
3; 1.2; 0 4; 1 2

Wave
#5
1; 1.4; 3 3; 1 5; 0 2; 5 3
5; 1.2; 4 1; 0 2; 3 2
5; 0.6; 5 2; 2 1; 5 3

Wave
#6
1; 0.6; 5 8; 0 2; 2 1; 0 3; 1 8
2; 1.2; 3 2; 5 5; 1 10; 0 2
2; 2.5; 4 1; 1 15; 3 5

Wave
#7
1; 1.2; 3 5; 1 15; 0 4; 1 3; 5 3
5; 0.6; 5 8; 2 2
5; 1.8; 3 8; 1 5; 0 2; 1 8


Wave
#8
1; 0.6; 5 8; 3 5; 2 2; 5 10
5; 1.2; 3 5; 1 8; 0 2; 2 2; 1 4
5; 2.5; 4 2; 5 10; 1 3; 2 2; 3 5
5; 0.8; 1 10; 2 2; 0 4; 3 3

Wave
#9
1; 0.4; 5 8; 2 2; 5 15; 2 5; 1 15; 2 2; 3 5; 0 5
5; 2.5; 4 2; 1 10; 5 15; 3 3; 5 10
5; 1.2; 2 5; 1 5; 3 4
5; 0.6; 2 2; 0 5; 1 8

Wave
#10
1; 0.6; 5 10; 2 2; 3 5
2; 1.2; 1 5; 2 1; 3 3; 2 2; 1 5; 0 8; 1 5
5; 1.6; 4 2; 1 3; 0 2; 3 4; 5 10
5; 1.8; 3 10; 1 15; 0 2; 5 15