Wave
#1
10; 1; 1 5

Wave
#2
1; 1; 1 6

Wave
#3
1; 1; 1 5
3; 0.2; 5 3

Wave
#4
1; 1; 1 4
3; 0.2; 5 3
0.5; 1; 1 3

Wave
#5
1; 1; 1 5; 2; 1 6

Wave
#6
1; 0.5; 5 3
1; 1; 3 4
1; 0.5; 5 3
1; 1; 1 5

Wave
#7
1; 0.5; 5 18

Wave
#8
1; 0.5; 5 5
1; 2; 3 3; 2 2; 3 12


Wave
#9
1; 1; 2 2; 1 10; 2; 1 10; 3 4

Wave
#10
1; 1; 1 7; 0 1
2; 0.5; 5 7
1; 1; 0 3; 1 13; 4; 0

Wave
#11
1; 1; 0 13
1; 0.5; 5 5
0.5; 0.6; 1 8; 0 10
1; 0.5; 5 4

Wave
#12
1; 1.5; 4 3; 3 4
4; 0.5; 5 5; 2; 5 5; 2; 5 5
2; 1.5; 4 3; 5 15; 0 6

Wave
#13
1; 1.5; 4 3
2; 1; 1 14; 0 10; 2
2; 0.5; 5 5
1; 1; 0 10; 4; 0 14

Wave
#14
1; 0.5; 5 5; 2
1; 0.8; 3 9; 0 10; 2
1; 1; 3 4; 1 11
1; 1.5; 4 2; 1 3
1; 1; 0 10; 3 4
1; 1.5; 4 3; 1 7

Wave
#15
1; 1.5; 2; 5 15
1; 1; 3 4; 1 9; 2; 1 9; 4; 1 9; 0 10; 2 2; 1 9
1; 1.5; 5 15

Wave
#16
1; 0.5; 2; 5 9; 2; 5 9; 2; 5 9; 2; 5 9; 2; 5 9; 2; 5 9; 2; 5 9; 2; 5 9; 2; 5 9; 2; 5 10

Wave
#17
1; 1; 3 4
1; 0.6; 1 32; 2; 1 32
1; 1.5; 4 3
4; 0.5; 5
1; 1; 1 24; 2
1; 1.5; 4 3; 5 17

Wave
#18
1; 1; 1 12; 3 4
1; 0.5; 5 5
2; 1.5; 5 15; 4
2; 1; 0 10; 2
2; 1.5; 4 3; 2; 4; 5 15
1; 1; 3 8
2; 1.5; 4 3
2; 0.5; 5 5
1; 1; 3 4; 4; 3 4
5; 1.5; 5 30
1; 1; 3 4
3; 1.5; 5 15
1; 1; 3 5

Wave
#19
1; 1; 4; 2; 1 6; 0 20
2; 1.5; 5 15
1.5; 0.5; 5 5
1; 1; 3 4
1; 0.5; 5 5
1; 1; 3 4; 2; 1 6
2; 1.5; 4 4
2; 1; 0 10; 3 4
2; 1.5; 4 3; 2
1; 0.6; 1 8
1; 1.5; 4 3; 2; 3 4
2; 1; 1 12; 2; 4; 2; 3 4; 4
2; 0.6; 1 18
2; 1.5; 5 15; 2; 5 15; 2; 4


Wave
#20
1; 0.5; 5 5
0.5; 1.5; 4 3; 2
1; 1; 1 6; 2; 4; 2
2; 0.6; 1 8
1.2; 1.5; 4 3; 2
1; 1; 3 4; 2; 1 6; 3 4
2; 1.5; 5 15; 2
3; 1.5; 4 3
1.5; 0.5; 2; 5 5
0.5; 1.5; 4 3; 2 2
1; 1; 0 20
2; 0.6; 1 8; 5 5
1.2; 1; 0 10; 2
2; 1.5; 4 3
1; 0.8; 3 9
1.6; 1.5; 5 15; 2 2
3; 0.6; 1 8; 4
1.2; 1; 0 10
2; 0.6; 1 8
1.2; 1; 1 6; 2 2
2; 0.6; 1 8
1.2; 1; 1 6; 2; 1 6; 0 9