Wave
#1
10; 1; 1 5

Wave
#2
1; 1; 1 6

Wave
#3
1; 1; 1 5
3; 0.2; 5 3

Wave
#4
1; 0.8; 1 10

Wave
#5
1; 1; 2; 3; 2; 3; 1 8

Wave
#6
1; 1; 1 7
1; 1.5; 5 8

Wave
#7
1; 0.5; 5 18

Wave
#8
1; 1; 3 7; 1 10
1; 0.5; 5 5

Wave
#9
1; 1; 3 2
1; 0.5; 5 7; 2 2
1; 1; 3 3; 1 9; 0 4

Wave
#10
1; 1; 0 2; 2; 0 2; 2; 0 2; 2; 0 2; 2; 0 2; 2; 0 2; 2; 0 2; 2; 0 2; 2; 0 2; 2; 0 2; 2; 0 2; 2

Wave
#11
1; 1; 0 10; 1 18; 2; 0 10

Wave
#12
1; 1.5; 5 15; 4 2; 2 4
2; 1; 3 8
1; 1.5; 4 3; 2; 5 15

Wave
#13
1; 1; 1 14; 3 9; 2
2; 1.5; 4 3; 2; 5 30

Wave
#14
1; 1; 2; 0 10; 4; 3 4; 1 9; 0 10; 1 27
4; 1.5; 4 3; 2 5

Wave
#15
1; 1; 3 9
1; 1.5; 4 3
2; 0.5; 5 5
1; 0.8; 3 9; 4; 2; 4; 2; 1 15
2; 1.5; 5 15; 2 2
2; 0.5; 5 5; 4; 2 8; 4
2; 1; 1 7

Wave
#16
1; 0.5; 2; 5 9; 2; 5 9; 2; 5 9; 2; 5 9; 2; 5 9; 2; 5 9; 2; 5 9; 2; 5 9; 2; 5 9; 2; 5 10

Wave
#17
1; 1.5; 2; 5 30; 2; 4
0.5; 0.5; 5 5; 4
1.5; 1.5; 5 15
1; 1; 3 6
1; 0.3; 5 10
0.6; 0.6; 1 12; 2
1.5; 1.5; 5 15
1; 1; 2; 0 10; 2; 0 10; 4 2

Wave
#18
1; 1.5; 2; 5 15
1; 1; 1 9; 4; 3 4; 1 9; 0 10
3; 0.5; 5 5; 2
1.5; 1.5; 5 5; 2; 5 5; 2; 5 5; 2; 4; 5 5; 2; 5 5; 2; 5 5; 2; 4 4; 2
3; 0.8; 3 6; 2; 3 3; 4
2; 0.6; 1 12; 2; 1 12
1; 1; 3 4; 0 10

Wave
#19
1; 0.5; 4; 5 10; 2
2; 1.5; 5 15
1; 1; 3 4; 2
2; 1.5; 5 15; 2
1; 1; 0 20; 4; 0 10; 1 9; 4; 2
2; 1.5; 4 3
1; 0.6; 1 12
1.5; 1.5; 4 2; 2
2; 1; 0 10; 2
2; 1.5; 5 15; 2; 4 4
2; 1; 0 10
1; 0.5; 5 5
1; 0.6; 1 12; 2
1; 1; 1 9

Wave
#20
1; 1.5; 5 15
0.5; 0.5; 5 5
1.5; 1.5; 5 15
3; 0.8; 3 9; 2 2
1.6; 0.5; 5 5; 4 2; 2; 4
1; 0.8; 3 9; 2; 0 10; 2 2; 1 12
1.6; 0.6; 1 8; 4; 2 2; 4
1.2; 1; 3 13
2; 1.5; 5 15; 2
1.5; 0.5; 5 5
1; 1; 3 8; 2
2; 0.5; 5 5; 2
0.5; 1.5; 5 15; 4
3; 1; 3 4; 2 2; 3 4
2; 1.5; 4 3
1.5; 0.5; 1 8; 5 5
1; 1; 1 6; 2 4; 0 8