Wave
#1
10; 1; 1 5

Wave
#2
1; 1; 1 2; 0 2; 1 2

Wave
#3
1; 1; 3
5; 1.5; 5 5

Wave
#4
1; 1; 1 8; 0; 3

Wave
#5
1; 0.5; 5 7
1; 1; 4; 2 2; 0 2

Wave
#6
1; 1; 1 12; 0 3

Wave
#7
1; 0.5; 5 18

Wave
#8
1; 1.5; 1 13
1; 0.5; 5 3
1; 1; 3 2; 0 2; 3 2

Wave
#9
1; 1; 1 12
1; 3; 3 15

Wave
#10
1; 1; 0 2; 2; 0 2; 2; 0 2; 2; 0 2; 2; 0 2; 2; 0 2; 2; 0 2; 2; 0 2; 2; 0 2; 2; 0 2; 2; 0 2; 2

Wave
#11
1; 1; 3 4; 2
4; 1.5; 5 15; 4 3
3; 1; 1 12; 0 5

Wave
#12
1; 1; 1 18
1; 0.6; 1 24; 2
1; 1; 3 4; 0 10; 3 3

Wave
#13
1; 1.5; 5 15; 4; 2
2; 1; 1 9; 2; 0 10
2; 0.6; 1 12
1; 1; 0 9

Wave
#14
1; 0.5; 2; 5 5; 2
1; 1.5; 5 15
1; 1; 3 8
1; 1.5; 4 3
3; 0.5; 5 5; 1 12; 2 2; 1 12
3; 1; 3 6

Wave
#15
1; 1.5; 5 15
1; 0.8; 3 9; 4
1; 1; 1 6; 4 2; 3 7; 1 6; 2
1; 1.5; 4 4; 2 7
2; 1; 3 6
5; 1.5; 5 15
1.5; 0.5; 5 5

Wave
#16
1; 0.5; 2; 5 9; 2; 5 9; 2; 5 9; 2; 5 9; 2; 5 9; 2; 5 9; 2; 5 9; 2; 5 9; 2; 5 9; 2; 5 10

Wave
#17
1; 1; 3 4; 2 1; 3 4; 2 1; 3 4; 2 1; 3 4; 2 1; 3 4; 2 1; 3 4; 2 1; 3 4; 2 1; 3 4; 2 1; 3 4; 2 1; 3 4; 2 1; 3 4; 2 1; 3 4; 2 1; 3 4; 2 1; 3 4; 2 1; 3 4; 2 1; 3 4; 2 1; 3 4; 2 1; 3 4; 2 1; 3 4; 2 1; 3 4; 2 1; 3 4; 2 1; 3 4; 2 1; 3 4; 2 1; 3 4; 2 1; 3 2

Wave
#18
1; 1; 1 12
3; 0.5; 5 5; 2
1; 1; 0 10
3; 1.5; 5 15; 2; 4
1.5; 1; 4 3; 2
3; 0.5; 5 5
1; 1.5; 4 3
1.5; 1; 0 10; 2
1; 1.5; 4 3; 2
4; 0.5; 5 5
1; 1; 3 12
1; 0.6; 1 8; 5 12
1; 1; 3 6; 2; 1 6; 2
3; 1.5; 5 15
1; 1; 3 10

Wave
#19
1; 0.5; 5 5; 2; 4 
1; 1.5; 2; 4 6
1; 0.5; 5 5
2; 1; 0 10; 1 6; 2; 1 2; 0 10; 2; 4
2; 0.6; 1 8
1; 1.5; 4 3; 2; 4
2; 0.8; 3 9; 2; 4
1; 1.2; 3 8; 2
2; 1.5; 5 15
2; 0.6; 1 8; 2
1; 1; 1 6; 2; 3 5; 2
2; 0.6; 1 13
2; 0.5; 5 5
0.5; 1.5; 5 15; 2; 1 5; 2; 1 2; 2
2; 1; 0 15

Wave
#20
1; 1; 2 2
0.5; 0.5; 5 5
1; 1; 1 6; 4
2; 1.5; 5 15; 2
1; 0.5; 5 5; 4
1; 1; 0 10; 1 6; 2; 3 4; 2
2; 1.5; 5 30
1; 0.8; 3 9; 2
2; 1.5; 5 15
1; 1; 1 5; 3 9; 2; 3 9
1; 1.5; 4 3; 3 4
0.5; 1; 2; 1 6; 2; 0 10; 2; 4 3; 2
1; 0.6; 1 8
1; 1.5; 5 30; 2
1; 0.6; 1 7