Wave
#1
10; 1; 1 5

Wave
#2
1; 1; 1 6

Wave
#3
1; 1; 1 5
3; 0.2; 5 3

Wave
#4
1; 1; 1 9; 3

Wave
#5
1; 1; 1 5
1; 1; 3
1; 0.3; 5 3
1; 1; 3 2; 0

Wave
#6
1; 1; 1 7
1; 1; 3
1; 0.5; 5 5
1; 1; 3 2

Wave
#7
1; 0.5; 5 18

Wave
#8
1; 1; 1 7
1; 1.5; 5 3; 2 2; 3 5
1; 0.5; 5 5

Wave
#9
1; 1; 3 2; 2 4; 3 7; 2 2; 3 3; 1 9

Wave
#10
1; 1; 0 2; 2; 0 2; 2; 0 2; 2; 0 2; 2; 0 2; 2; 0 2; 2; 0 2; 2; 0 2; 2; 0 2; 2; 0 2; 2; 0 2; 2

Wave
#11
1; 1.5; 4 4; 5 30; 2; 0 5

Wave
#12
1; 1; 1 14; 3 9; 0 10; 2
2; 1.5; 4 3; 2
1; 1; 0 10

Wave
#13
1; 1; 1 9
2; 0.5; 5 5
1; 1; 0 10
2; 0.5; 5 5; 2
1; 1.5; 5 15; 2
1; 1; 3 4; 4; 1 7

Wave
#14
1; 1.5; 2; 4 3; 2 3
4; 1; 3 4; 2 2
1; 0.8; 3 9; 2; 4
3; 1; 3 4; 4; 2 4; 4; 2 2
2; 2; 4 6
5; 1; 1 9; 2; 4 3
5; 1.5; 5 15

Wave
#15
1; 0.5; 5 5; 4; 2
1; 1.5; 5 30; 4 3; 2 4; 4; 2; 4 6; 5 15
5; 1; 3 13; 2 4

Wave
#16
1; 0.5; 2; 5 9; 2; 5 9; 2; 5 9; 2; 5 9; 2; 5 9; 2; 5 9; 2; 5 9; 2; 5 9; 2; 5 9; 2; 5 10

Wave
#17
1; 1; 3 7
1; 1.5; 5 15; 4; 2 3
0.8; 0.8; 3 9
1; 0.5; 5 5
1; 1; 0 23; 2
1; 1.5; 4 2; 2; 4
5; 0.5; 5 5
1; 1; 0 10; 1 9
3; 1.5; 5 15; 2; 5 14

Wave
#18
1; 1; 0 10; 3 4
3; 0.5; 5 5
3; 1; 0 10; 3 4; 2 3; 1 9; 4; 3 4
5; 0.5; 5 5
2; 1.5; 5 15
1; 1; 1 9; 3 4
2; 1.5; 4 3
5; 0.5; 5 5
1.5; 1.5; 5 15
1; 1; 0 10
2; 1.5; 4 3;
1.5; 1; 1 9
2; 3; 4 9;
5; 1; 1 10


Wave
#19
1; 1; 1 9; 2 2
0.5; 1.5; 4 3
2; 0.8; 3 9; 1 9; 2
2; 0.5; 5 5
1; 1; 1 9; 2; 0 10
2; 1.5; 4 3
2; 1; 0 10; 2
2; 0.5; 5 5
0.5; 0.8; 3 9; 1 18; 3 9; 2; 1 12; 2; 4
2; 1; 0 10
2; 1.5; 5 15; 4 3
2; 1; 1 9; 2; 1 11

Wave
#20
1; 1; 3 4
1; 0.5; 5 10
1; 1.5; 5 30; 2
3; 1; 1 6; 2; 0 10; 2
2; 0.5; 5 5; 2; 4; 2
1; 1; 0 10
1; 1.5; 5 15; 2; 4 3
2; 1; 1 6; 4 3; 0 10; 1 6
2; 1.5; 5 15
1.5; 1; 3 4
2; 1.5; 5 15
1.5; 1; 0 10; 1 8
2; 1.5; 5 15
2; 1; 0 10; 2; 1 10