# Das ist ein Kommentar. Das Wave-Keyword besagt, dass eine neue Wave definiert wird

Wave
# Pro Wave kann man beliebig viele Bunches definieren. Ein Bunch ist eine Zeile.
# Syntax: <delay_before>; <delay_between>; {<enemy_prefab_index> [<count>]; } <enemy_prefab_index> [<count>]
10; 1; 1 5

Wave
#2
1; 1; 1 6

Wave
#3
1; 1; 1 5
3; 0.2; 5 3

Wave
#4
1; 1; 1 4
3; 0.2; 5 3
0.5; 1; 1 3

Wave
#5
1; 0.5; 1 11
1; 1; 3

Wave
#6
1; 1; 1 3
5; 0.8; 5 5
0.5; 0.5; 1 7

Wave
#7
1; 0.5; 5 18

Wave
#8
1; 1; 1 6; 3
3; 0.2; 5 3;
0.5; 1; 1 8; 3; 1 3


Wave
#9
1; 1; 1 7; 5 3; 1 6; 5 4
1; 0.8; 1 4
1; 0.5; 5 3


Wave
#10
1; 0.5; 1 10
1; 1; 1 15; 5 4; 1 3
3; 1; 4


Wave
#11
1; 1; 1 7; 5 3; 1 3; 3 2
1; 0.6; 1 10
0.6; 1.2; 3 3
4; 0.5; 5 5
0.5; 0.8; 1 7


Wave
#12
1; 1; 1 10
1; 0.5; 1 8
0.6; 1; 1 12; 3 1; 1 6; 3 2; 1 6; 3 3

Wave
#13
1; 1; 1 9; 3 3
1; 1.5; 4 4
1; 1; 3 8
3; 1.5; 5 15
1; 1; 3 4; 1 12

Wave
#14
1; 1; 1 10
1; 1.5; 3; 5 15
1; 0.8; 3 9
3; 0.5; 5 5
1; 1.5; 5 15; 3
1; 1; 1 6; 3; 1 7

Wave
#15
1; 0.5; 3; 5 5
1; 1; 1 12; 3
1; 0.5; 5 5
2; 1.5; 5 15; 3 2; 4; 5 15; 3
1; 0.5; 5 5; 3
1; 1; 3; 1 22

Wave
#16
1; 0.5; 2; 5 9; 2; 5 9; 2; 5 9; 2; 5 9; 2; 5 9; 2; 5 9; 2; 5 9; 2; 5 9; 2; 5 9; 2; 5 10

Wave
#17
1; 0.5; 5 10
1; 1; 3 10
3; 0.5; 5 10
2; 1.5; 4 3
3; 1; 3 19; 1 24
5; 0.5; 5 7
2; 1.5; 5 12
1; 1; 3 7
1; 0.8; 3 9
1; 1.5; 4 2; 3 9

Wave
#18
1; 1; 4; 3; 4
2; 1.5; 5 15; 3; 4 3
3; 1; 1 12; 3
5; 1.5; 5 15
1; 1; 1 12
4; 5; 4 7
10; 1.5; 5 15; 4; 2; 4 3; 3; 4
5; 0.6; 1 16
0.6; 0.5; 5 5
1.5; 1.5; 5 15
2; 1; 1 12; 3
2; 3; 4 6; 3

Wave
#19
1; 0.5; 5 5; 4
2; 1.5; 5 15
2; 0.6; 1 8
1; 1; 1 20
1; 0.5; 5 5
1; 1.5; 4 3; 3 4
3; 0.5; 5 10; 3
1; 1; 1 6; 3
1; 1.5; 4 2
3; 0.5; 5 5
0.5; 1.5; 5 15; 1 6; 4 4
2; 1; 3 4; 1 7; 3; 1 28; 3; 4 2; 1 6; 3 10
2; 0.5; 5 7

Wave
#20
1; 0.5; 5 5
1; 1.5; 5 35
2; 0.8; 3 9; 4 2
1; 1.5; 1 24; 4 6
1; 1.5; 5 45
1.5; 0.5; 5 5
1; 1.5; 4 3
1; 0.8; 3 9
1; 1; 3 4
1; 0.8; 3 9; 1 6
3; 0.6; 4 3; 1 32
1; 0.8; 3 9; 1 6
3; 1; 4
