Wave
#1
10; 1; 1 5

Wave
#2
1; 1; 1 6

Wave
#3
1; 1; 1 5
3; 0.2; 5 3

Wave
#4
1; 1; 2 2
1; 0.5; 5 3
1; 1; 1 3; 0 2

Wave
#5
1; 0.5; 5 5
1; 1; 0 3; 1 4

Wave
#6
1; 1; 2 2
1; 0.5; 5 5
1; 1; 3 2
1; 0.5; 2 3; 5 3

Wave
#7
1; 0.5; 5 18

Wave
#8
1; 1; 3 2; 2 3; 3 2; 1 10
1; 0.5; 5 5

Wave
#9
1; 1; 3 9; 1 15; 0 3

Wave
#10
1; 1; 0 2; 2; 0 2; 2; 0 2; 2; 0 2; 2; 0 2; 2; 0 2; 2; 0 2; 2; 0 2; 2; 0 2; 2; 0 2; 2; 0 2; 2

Wave
#11
1; 0.5; 5 5
1; 1; 0 10; 3 13; 4; 0 11

Wave
#12
1; 1.5; 2; 4 3; 2; 3 4
2; 5; 4 7; 2 2
5; 1.5; 5 30; 4

Wave
#13
1; 0.6; 1 18
1; 1; 4; 1 14; 3 4
1; 1.5; 4 3; 5 18

Wave
#14
1; 1; 1 14;3 4; 2 3; 4; 2 2
1; 0.8; 3 9; 2
4; 1.5; 5 15
1; 1; 3 4; 2
1; 0.6; 1 16

Wave
#15
1; 0.5; 2; 5 5
1; 1; 4; 2; 3 5; 4; 2; 4; 0 10; 1 12
1; 0.5; 5 5
1; 1; 0 10; 4
1; 0.5; 5 5
1; 1.5; 5 15
1; 1; 2; 0 10

Wave
#16
1; 0.5; 2; 5 9; 2; 5 9; 2; 5 9; 2; 5 9; 2; 5 9; 2; 5 9; 2; 5 9; 2; 5 9; 2; 5 9; 2; 5 10

Wave
#17
1; 1; 3 8; 2; 3 3; 2; 3 4
1; 0.8; 3 12; 1 26
0.8; 0.6; 1 32; 2
1; 1; 1 23
3; 1.5; 5 11

Wave
#18
1; 1.5; 4; 2
1.5; 0.6; 1 16; 2
2; 1; 1 12
2; 0.5; 5 5; 2
1; 0.8; 3 9
1; 1; 0 10
4; 0.5; 5 5
0.5; 0.6; 1 16
1; 0.8; 3 9; 2; 3 4; 2
3; 1.5; 4 3; 2; 4 3; 2; 4; 2
2; 1; 3 4; 2; 4; 2
5; 0.5; 5 5
1; 1; 3 4; 2; 0 10; 2
3; 1.5; 4 3; 2
3; 1; 0 10; 2

Wave
#19
1; 1; 0 10; 3 13; 2
2; 0.5; 5 5
1; 1; 0 10; 2; 3 9; 2; 1 12
2; 1.5; 4 3; 5 15; 2
2; 1; 1 12; 2; 1 6; 2; 1 6; 2; 1 6; 2; 1 6; 2; 1 12; 2
2; 1.5; 4 2; 2; 4 4; 2
2; 0.5; 5 5
0.5; 1.5; 5 15
2; 0.6; 1 14

Wave
#20
1; 1; 4; 2
1; 0.6; 1 8
1.2; 0.5; 5 5; 2; 4 3
1; 1; 0 10
2; 1.5; 5 15
3; 1; 1 6
2; 1.5; 5 15
3; 1.5; 4 3
1; 1; 1 6; 4; 0 10; 1 6
2; 1.5; 4 3; 2; 4 3
1.5; 0.5; 5 5; 2
1; 1; 3 5; 0 30; 4 4; 3 4; 2; 1 6; 3 8; 1 12; 2; 3 9; 2; 3 4; 1 6; 2
2; 1.5; 5 17