# Prefabs
# 0 Braun, 1 Lila, 2 Rot, 3 Grün, 4 Blau, 5 Orange, 6 Klein-Grün
# Pro Wave kann man beliebig viele Bunches definieren. Ein Bunch ist eine Zeile.
# Syntax: <delay_before>; <delay_between>; {<enemy_prefab_index> [<count>]; } <enemy_prefab_index> [<count>]

Wave
#1
1; 1.5; 1 10; 2 1; 3 2; 5 2

Wave
#2
1; 0.8; 1 10; 2 1; 5 10
5; 1.5; 1 20; 0 5; 1 30
5; 2.5; 0 5; 1 10; 2 2; 3 10; 5 10

Wave
#3
1; 1.5; 4 2; 3 10; 5 10; 1 20
5; 2.5; 2 3; 1 20; 4 2; 5 10
8; 0.6; 1 5; 0 5

Wave
#4
1; 2.5; 4 3; 3 5; 4 3; 0 5
5; 0.8; 1 20

Wave
#5
1; 0.8; 1 10; 2 2; 3 10; 0 5; 5 20
5; 1.5; 5 20; 3 5; 0 2; 2 2; 1 20
5; 0.6; 1 20; 0 5
5; 2.5; 4 5; 2 2; 4 5

Wave
#6
1; 0.6; 3 20; 2 2; 1 50; 2 5
5; 0.8; 3 10; 1 30; 2 5; 1 30; 3 5; 4 2; 2 2; 1 20; 0 10

Wave
#7
1; 0.6; 2 2; 0 5; 1 10; 2 3; 1 10; 0 5; 3 10; 2 2; 3 5; 2 2
2; 1.2; 3 10; 4 4; 2 2; 1 20; 0 5; 4 8; 3 20; 2 5; 5 10
5; 0.4; 5 30; 1 5; 5 40; 0 20; 5 20

Wave
#8
1; 1.2; 0 20; 1 20; 2 5; 3 5
1; 0.8; 2 3; 3 10; 2 5; 1 20; 3 10
2; 1.2; 4 2; 3 10; 5 5; 0 5; 1 20; 4 2
5; 0.8; 5 20; 2 5; 5 10; 0 20

Wave
#9
1; 0.6; 3 20; 2 5; 3 10; 2 5; 0 5; 2 5; 1 20; 3 10; 4 3; 1 10; 2 5
1; 0.4; 5 10; 2 2; 5 20; 1 10; 0 5
5; 1.6; 3 15; 2 3; 4 3; 1 20; 0 10; 5 5
5; 0.4; 5 20; 2 2; 5 30
1; 0.6; 2 2; 5 10; 2 4; 3 10
1; 1.0; 3 20; 2 2; 3 20; 2 2; 1 20; 0 10; 1 5; 2 2; 0 20; 2 5
1; 0.8; 3 2; 2 2; 3 3; 2 3; 3 4; 2 4; 3 5; 2 5; 3 20

Wave
#10
1; 1.5; 4 5
3; 1.6; 1 10
2; 1.8; 2 3; 4 5; 1 20; 5 10
3; 0.8; 1 20; 2 3; 1 30; 0 10; 3 5; 1 20; 3 20
4; 1.6; 3 30; 1 5
2; 0.6; 3 40; 2 2; 3 10; 2 2; 3 20
1; 1.5; 5 20; 3 10; 2 5
2; 0.6; 1 20; 0 10; 3 5; 2 5
5; 2.5; 4 5
1; 0.8; 0 10; 2 5; 1 30; 0 5; 2 2; 0 5; 2 2; 0 5; 1 5; 2 2; 3 10
1; 0.4; 5 20; 2 2; 5 10; 3 10; 5 20