Wave
#1
10; 1; 1 5

Wave
#2
1; 1; 1 6

Wave
#3
1; 1; 1 5
3; 0.2; 5 3

Wave
#4
1; 0.6; 1 10

Wave
#5
1; 1.5; 3 4
1; 1; 2 2; 0 2; 1 4

Wave
#6
1; 1; 3 3
1; 1.5; 5 7
1; 1; 1 5

Wave
#7
1; 0.5; 5 18

Wave
#8
1; 1.5; 5 10
1; 0.8; 1 12

Wave
#9
1; 1; 3 7; 2 12; 3 5; 1 3

Wave
#10
1; 1; 0 2; 2; 0 2; 2; 0 2; 2; 0 2; 2; 0 2; 2; 0 2; 2; 0 2; 2; 0 2; 2; 0 2; 2; 0 2; 2; 0 2; 2

Wave
#11
1; 1; 3 4; 1 18
1; 1.5; 4 3; 5 15

Wave
#12
1; 0.6; 1 18; 2; 1 18; 0 10; 2

Wave
#13
1; 1; 4; 3 8
2; 4; 4 6
1; 1; 2 2; 4; 0 10; 2; 3 9; 4; 0 10
3; 0.5; 5 9

Wave
#14
1; 1; 3 4; 2 2; 3 4; 2 2; 3 4; 1 20; 3 4
3; 0.5; 5 5;
1; 1.5; 4 4; 2 8
3; 1; 1 13

Wave
#15
1; 1; 0 10
2; 0.5; 5 5
1; 1; 1 13; 3 4; 0 12; 4; 2 3
1; 0.8; 3 9; 2 2
1; 1; 3 4; 2; 0 13; 3 7

Wave
#16
1; 0.5; 2; 5 9; 2; 5 9; 2; 5 9; 2; 5 9; 2; 5 9; 2; 5 9; 2; 5 9; 2; 5 9; 2; 5 9; 2; 5 10

Wave
#17
1; 1; 2; 3 6; 2
1; 1.5; 5 15
1; 1; 0 13
1; 1.5; 4 6; 2
5; 1.5; 5 15; 4 3; 5 15
1.5; 0.6; 1 12
1.5; 1.5; 4 3; 2
2; 0.8; 3 13
1; 1.5; 4 3
1; 1; 3 5; 2 6
1; 1.5; 4 3

Wave
#18
1; 1.5; 4; 2; 4; 2
1; 1; 0 10; 3 9; 0 10; 2
5; 1.5; 5 15
1; 1; 0 10; 1 9; 3 4
1.5; 1.5; 4 2; 2
2; 1; 1 9; 2; 3 2; 2; 3 2
2; 1.5; 4 3; 2; 4; 2; 5 15; 2; 4; 2
5; 0.6; 1 12; 2
5; 1.5; 5 21

Wave
#19
1; 0.5; 5 5
1; 1; 1 9; 2; 1 9; 3 9; 0 20
2; 1.5; 5 30; 4
1; 1; 3 4; 2; 0 10; 2 4
1; 1.5; 4 4
2; 1; 0 20; 4; 3 9
2; 0.5; 5 5; 4
1; 1; 3 4; 2
2; 1.5; 5 15; 2
1; 1; 1 14

Wave
#20
1; 1; 1 6; 2; 1 6; 3 4; 1 6; 2; 1 6
2; 0.8; 3 9; 4 2; 2
1.2; 1.5; 4 3
1.5; 0.5; 2 2; 5 5
1; 1; 4; 1 14
1; 0.5; 5 5
1; 1; 1 6
1; 0.5; 5 5
1; 1; 3 4
1; 0.5; 5 5; 2; 4 2
2; 1; 0 10; 4 6
2; 1.5; 5 15; 4; 2
2; 0.5; 5 5
1; 1; 3 4
1; 1.5; 5 15
1; 1; 1 6
1; 1.5; 5 15
1; 1.2; 0 10; 2; 4; 2; 0 10; 2; 1 14